1
0.868036463996535
0.753683648568334
0.65456427170056
0.568625731980069
0.494095236511048
0.429441204985814
0.373340061438552
0.324647652514674
0.282374639930488
0.245665307887128
0.213779305846708
0.186075915242997
0.1620024063402
0.141079371640284
0.12288991728075
0.107072908926438
0.0933154365961754
0.0813463079564043
0.0709304283528481
0.0618639455642117
0.0539700542083937
0.0470953693032695
0.0411067910165218
0.0358887934201098
0.0313410793416464
0.0273765513889934
0.0239195560974896
0.020904364067356
0.018273854055848
0.015978373379585
0.0139747507659038
0.0122254410528445
0.0106977839483403
0.00936336148296212
0.00819744088097661
0.00717849137778919
0.00628776506785324
0.00550893321005919
0.00482777057692373
0.00423188143492018
0.00371046160783983
0.00325409182193124
0.00285455817690141
0.00250469614461012
0.00219825497944698
0.0019297798412915
0.00169450929253428
0.00148828614256558
0.00130747988304418
0.0011489191908597
0.00100983317792599
0.00088780024204775
0.000780703524758963
0.000686692113410999
0.000604147238627947
0.000531652816911627
0.000467969773711447
0.000412013656440121
0.000362835111240791
0.000319602853113227
0.000281588807426946
0.000248155142873654
0.000218742952393593
0.000192862370288575
0.00017008394124767
0.000150031080912828
0.000132373488380232
0.000116821389083632
0.000103120502197726
9.10476403441988e-05
8.04068612501336e-05
7.10261013321416e-05
6.27542301625423e-05
5.54584725921549e-05
4.90221521103665e-05
4.33427149495023e-05
3.83299996020496e-05
3.3904720915727e-05
2.99971418493527e-05
2.65459093871469e-05
2.34970340858587e-05
2.08029953246786e-05
1.84219565916294e-05
1.63170771148984e-05
1.44559078706546e-05
1.28098615027256e-05
1.13537470022724e-05
1.0065361141844e-05
8.92512965927236e-06
7.91579206135124e-06
7.02212468133238e-06
6.23069729204243e-06
5.52965916015627e-06
4.90855093754702e-06
4.35813923198812e-06
3.87027108992922e-06
3.43774596568649e-06
3.05420305035189e-06
2.71402209542129e-06
2.41223609526502e-06
2.14445439321555e-06
1.90679495180355e-06
1.69588595840253e-06
1.50868385239806e-06
1.34248014853899e-06
1.1948809206044e-06
1.06376966307194e-06
9.472746101754e-07
8.43739968543055e-07
7.51700587040507e-07
6.69859646376789e-07
5.97069002558106e-07
5.32311863336404e-07
4.74687516223487e-07
4.23397861142676e-07
3.77735530993393e-07
3.37073409853496e-07
3.00855381713767e-07
2.68588162941761e-07
2.39834089468726e-07
2.14204745297749e-07
1.91355332617975e-07
1.70979695818146e-07
1.52805922231865e-07
1.3659245169948e-07
1.22124635156938e-07
1.09211689599802e-07
9.76840030427471e-08
8.73907486080421e-08
7.81977717238667e-08
6.99857186766958e-08
6.26483785127045e-08
5.60912135839012e-08
5.02300569402975e-08
4.49899573278992e-08
4.03041548057954e-08
3.61131719810411e-08
3.23640076097676e-08
2.90094208554168e-08
2.60072958551309e-08
2.33200774450109e-08
2.09142699534108e-08
1.87599919055523e-08
1.68305803073401e-08
1.51022389043871e-08
1.35537254553701e-08
1.21660736270133e-08
1.09223456201034e-08
9.80741207977893e-09
8.80775623576642e-09
7.91129956531182e-09
7.1072465785909e-09
6.38594659806983e-09
5.73877064375789e-09
5.15800174918875e-09
4.63673722149528e-09
4.16880152593601e-09
3.74866862318596e-09
3.37139271882412e-09
3.03254650067813e-09
2.72816604274035e-09
2.454701645764e-09
2.20897396572257e-09
1.98813485325167e-09
1.78963239103665e-09
1.61117967278412e-09
1.45072691773852e-09
1.30643655939826e-09
1.17666098678845e-09
1.05992265192504e-09
9.54896288457236e-10
8.60393014346449e-10
7.75346116220822e-10
6.98798335083578e-10
6.29908071597235e-10
5.67964570588704e-10
5.12252182078026e-10
4.62130491522151e-10
4.17026256887233e-10
3.76426225735916e-10
3.39870734600465e-10
3.06948003946624e-10
2.77289051801524e-10
2.50563157769175e-10
2.26473816819121e-10
2.04755129022119e-10
1.85168577422626e-10
1.67500151570479e-10
1.51557778962344e-10
1.37169030836851e-10
1.24179072487203e-10
1.12448831555845e-10
1.01853360705337e-10
9.22803736604108e-11
8.36289359256735e-11
7.58082935348063e-11
6.87368250095934e-11
6.23411033267361e-11
5.65550561300534e-11
5.1319213705686e-11
4.6580035376275e-11
4.22893059827294e-11
3.84035950232184e-11
3.48837718209352e-11
3.16945708060672e-11
2.88042016330769e-11
2.61839994205723e-11
2.38081109054467e-11
2.16532127524365e-11
1.96982586608807e-11
1.79242522676428e-11
1.63140431636852e-11
1.48521436259033e-11
1.3524563919327e-11
1.23186642510217e-11
1.1223021658968e-11
1.02273102995039e-11
9.32219375794775e-12
8.49922815087175e-12
7.75077491702692e-12
7.06992230880206e-12
6.45041469879183e-12
5.88658890787932e-12
5.37331684336919e-12
4.90595380918323e-12
4.48029191587922e-12
4.09251807710135e-12
3.73917613175562e-12
3.41713267838112e-12
3.12354625044566e-12
2.85583949915263e-12
2.61167408427194e-12
2.38892800391756e-12
2.18567512145778e-12
2.00016667219327e-12
1.83081455436902e-12
1.67617622876187e-12
1.53494106874306e-12
1.40591801856478e-12
1.28802443185034e-12
1.18027597504698e-12
1.08177749207994e-12
9.91714736760102e-13
9.09346888766756e-13
8.33999777358381e-13
7.65059744455808e-13
7.01968085478781e-13
6.44216012376898e-13
5.91340088748322e-13
5.42918091846314e-13
4.98565260690524e-13
4.57930893476708e-13
4.20695261059767e-13
3.86566806511003e-13
3.55279603656963e-13
3.26591050126519e-13
3.0027977279387e-13
2.76143725633845e-13
2.53998461925521e-13
2.3367556447172e-13
2.15021219064215e-13
1.978949178342e-13
1.8216828040013e-13
1.6772398187383e-13
1.54454777823277e-13
1.42262617227433e-13
1.31057835305129e-13
1.2075841886493e-13
1.11289337514381e-13
1.0258193469204e-13
9.45733730509655e-14
8.72061292334952e-14
8.04275335395998e-14
7.41893504095465e-14
6.84473960202987e-14
6.31611896378973e-14
5.82936356784597e-14
5.38107337115384e-14
4.96813138942068e-14
4.58767955549417e-14
4.23709668554362e-14
3.91397836479748e-14
3.61611858178049e-14
3.34149295557286e-14
3.08824341474383e-14
2.85466419943112e-14
2.63918906966867e-14
2.4403796136222e-14
2.25691455897471e-14
2.0875799994047e-14
1.9312604560022e-14
1.78693070064456e-14
1.65364827487544e-14
1.53054664375599e-14
1.41682892954316e-14
1.31176217494687e-14
1.21467209016963e-14
1.12493824198185e-14
1.0419896467693e-14
9.6530073284078e-15
8.94387640333915e-15
8.28804829833062e-15
7.68141973340911e-15
7.12021103546593e-15
6.60093999429426e-15
6.12039788146746e-15
5.67562744894249e-15
5.26390274012704e-15
4.88271056060218e-15
4.52973346886851e-15
4.2028341594987e-15
3.90004112203798e-15
3.61953546899107e-15
3.35963883535454e-15
3.1188022604786e-15
2.89559597063889e-15
2.68869998763659e-15
2.49689549507839e-15
2.31905689977258e-15
2.15414453096248e-15
2.00119792494594e-15
1.85932964704186e-15
1.72771960689757e-15
1.60560982681722e-15
1.49229962616227e-15
1.38714118795818e-15
1.28953547666087e-15
1.1989284786165e-15
1.11480773910875e-15
1.0366991720482e-15
9.64164120336085e-16
8.96796646745451e-16
8.34221036820808e-16
7.76089496815954e-16
7.22080031080935e-16
6.71894484583634e-16
6.25256737419662e-16
5.81911039234747e-16
5.41620472465359e-16
5.04165534203215e-16
4.69342827314531e-16
4.36963852201901e-16
4.068538912911e-16
3.78850978962267e-16
3.52823574089015e-16
3.28641699466243e-16
3.06170573544347e-16
2.85285534420667e-16
2.65871259961462e-16
2.47821049525631e-16
2.31036162309252e-16
2.15425207741851e-16
2.00903583742284e-16
1.87392958987376e-16
1.74820795662646e-16
1.63119909454082e-16
1.52228063805323e-16
1.42087595707774e-16
1.32645070514015e-16
1.23850963469229e-16
1.15659365842603e-16
1.08027713712475e-16
1.00916537616477e-16
9.42892314224431e-17
8.81118389084102e-17
8.2352856661673e-17
7.69830520185048e-17
7.19752948686279e-17
6.73044022425884e-17
6.29469946865841e-17
5.88813635086202e-17
5.50873480527458e-17
5.15462222250605e-17
4.82405895566997e-17
4.51542861455306e-17
4.22722908702477e-17
3.9580642318328e-17
3.70663619132114e-17
3.47173827664675e-17
3.25224838178509e-17
3.04712288603131e-17
2.8553910078483e-17
2.6761495758052e-17
2.50855818501265e-17
2.3518347099118e-17
2.2052511465305e-17
2.06812975939762e-17
1.93983951022001e-17
1.81979274718884e-17
1.70744213540589e-17
1.60227781041618e-17
1.50382473821211e-17
1.4116402663448e-17
1.32531185194986e-17
1.24445495357458e-17
1.1687110746895e-17
1.09774594768595e-17
1.03124784800785e-17
9.68926028848381e-18
9.1050926756277e-18
8.55744515614266e-18
8.04395644484671e-18
7.56242280547884e-18
7.11078722428512e-18
6.68712934851181e-18
6.28965613432706e-18
5.91669315281773e-18
5.56667650651968e-18
5.23814531246032e-18
4.92973471094733e-18
4.6401693623452e-18
4.36825739686153e-18
4.11288478493674e-18
3.87301009820757e-18
3.64765963321401e-18
3.43592287205283e-18
3.23694825606271e-18
3.04993925036697e-18
2.87415067871102e-18
2.70888530952301e-18
2.55349067550644e-18
2.40735611035199e-18
2.26990998733856e-18
2.14061714569044e-18
2.01897649157208e-18
1.90451876154266e-18
1.79680443716414e-18
1.69542180026376e-18
1.59998511910055e-18
1.5101329563788e-18
1.42552659069513e-18
1.34584854360148e-18
1.27080120501968e-18
1.20010555025622e-18
1.13349994234131e-18
1.07073901385807e-18
1.01159262283692e-18
9.5584487767066e-19
9.0329322635819e-19
8.53747605712621e-19
8.07029646473364e-19
7.62971930544169e-19
7.21417296841355e-19
6.82218192479885e-19
6.4523606625127e-19
6.10340801557477e-19
5.77410186160235e-19
5.46329416286786e-19
5.16990632801735e-19
4.89292487311563e-19
4.63139736214154e-19
4.3844286084132e-19
4.15117711968378e-19
3.93085177082166e-19
3.72270868907977e-19
3.52604833797428e-19
3.34021278673761e-19
3.16458315318965e-19
2.99857720868964e-19
2.84164713459289e-19
2.6932774203458e-19
2.5529828940131e-19
2.42030687664626e-19
2.2948194524749e-19
2.17611584743688e-19
2.06381490905964e-19
1.95755768116905e-19
1.85700606733337e-19
1.76184157735281e-19
1.67176415147988e-19
1.58649105740581e-19
1.5057558553742e-19
1.42930742708725e-19
1.35690906435358e-19
1.28833761369126e-19
1.22338267334634e-19
1.16184583941772e-19
1.1035399979939e-19
1.04828866040784e-19
9.95925338903418e-20
9.46292960181606e-20
8.99243314457902e-20
8.5463653781467e-20
8.12340625774598e-20
7.72230976154248e-20
7.34189959380908e-20
6.98106514571929e-20
6.63875769784199e-20
6.31398684942583e-20
6.0058171605095e-20
5.7133649937786e-20
5.43579554391688e-20
5.17232004297377e-20
4.92219313099316e-20
4.68471038182487e-20
4.45920597467305e-20
4.24505050252792e-20
4.04164890918078e-20
3.84843854704025e-20
3.66488734845341e-20
3.49049210368836e-20
3.32477683916026e-20
3.16729128988046e-20
3.0176094604805e-20
2.87532826951185e-20
2.74006627204838e-20
2.61146245592478e-20
2.48917510723036e-20
2.3728807409465e-20
2.262273092867e-20
2.15706216917671e-20
2.05697335028447e-20
1.96174654571358e-20
1.87113539704688e-20
1.78490652610586e-20
1.70283882571341e-20
1.62472279055012e-20
1.55035988576409e-20
1.47956195113475e-20
1.41215063872355e-20
1.34795688206796e-20
1.28682039509174e-20
1.22858919901346e-20
1.17311917563734e-20
1.12027364550723e-20
1.0699229694941e-20
1.02194417247258e-20
9.76220587821481e-21
9.32641521557785e-21
8.9110193498414e-21
8.51502144795355e-21
8.13747539651607e-21
7.77748312284141e-21
7.43419206253878e-21
7.10679276534764e-21
6.79451663141952e-21
6.4966337707029e-21
6.2124509785122e-21
5.94130982076378e-21
5.68258482273821e-21
5.4356817555831e-21
5.20003601510464e-21
4.97511108770899e-21
4.76039709865087e-21
4.5554094380235e-21
4.35968746018568e-21
4.17279325256817e-21
3.99431047003196e-21
3.82384323116982e-21
3.66101507314706e-21
3.50546796187058e-21
3.35686135445711e-21
3.2148713111427e-21
3.07918965393685e-21
2.94952316947608e-21
2.82559285367542e-21
2.7071331959104e-21
2.59389150058959e-21
2.48562724409703e-21
2.38211146519666e-21
2.28312618709747e-21
2.1884638694776e-21
2.09792688886076e-21
2.01132704582666e-21
1.92848509762173e-21
1.84923031481495e-21
1.77340006071872e-21
1.70083939236492e-21
1.63140068189255e-21
1.56494325726639e-21
1.50133306130491e-21
1.44044232805147e-21
1.38214927557577e-21
1.32633781434171e-21
1.27289727032532e-21
1.22172212210998e-21
1.17271175122865e-21
1.12577020506183e-21
1.08080597163724e-21
1.03773176571283e-21
9.96464325557303e-22
9.56924219874425e-22
9.19035664346427e-22
8.82726347300355e-22
8.47927264027284e-22
8.14572559309618e-22
7.82599377735186e-22
7.51947721399222e-22
7.2256031461653e-22
6.94382475285959e-22
6.67361992568282e-22
6.41449010556465e-22
6.16595917634088e-22
5.92757241233708e-22
5.69889547722074e-22
5.47951347153331e-22
5.26903002644924e-22
5.06706644143642e-22
4.87326086361384e-22
4.68726750671654e-22
4.5087559076863e-22
4.33741021900902e-22
4.17292853501707e-22
4.01502225046627e-22
3.86341544978465e-22
3.71784432547233e-22
3.57805662420961e-22
3.44381111930482e-22
3.31487710818273e-22
3.19103393368125e-22
3.07207052798635e-22
2.95778497809517e-22
2.84798411175307e-22
2.74248310286433e-22
2.6411050954263e-22
2.54368084508517e-22
2.45004837745678e-22
2.36005266239902e-22
2.27354530346314e-22
2.1903842417903e-22
2.11043347375613e-22
2.03356278170089e-22
1.95964747711628e-22
1.88856815569053e-22
1.82021046364397e-22
1.75446487481473e-22
1.69122647798149e-22
1.63039477393523e-22
1.57187348183627e-22
1.51557035441555e-22
1.46139700160088e-22
1.40926872216948e-22
1.35910434304763e-22
1.31082606589678e-22
1.26435932064327e-22
1.2196326256252e-22
1.17657745404622e-22
1.13512810644077e-22
1.09522158887002e-22
1.05679749658084e-22
1.01979790287363e-22
9.84167252936617e-23
9.4985226241622e-23
9.16801820504074e-23
8.84966897331758e-23
8.54300455474367e-23
8.24757365373615e-23
7.96294324500088e-23
7.68869780082944e-23
7.42443855243538e-23
7.16978278377149e-23
6.92436315634468e-23
6.68782706361436e-23
6.45983601362791e-23
6.24006503860991e-23
6.02820213028221e-23
5.82394769974965e-23
5.62701406084087e-23
5.43712493584578e-23
5.25401498264047e-23
5.07742934223789e-23
4.90712320584726e-23
4.74286140056795e-23
4.58441799288394e-23
4.43157590916407e-23
4.28412657240976e-23
4.14186955452726e-23
4.00461224343436e-23
3.87216952434394e-23
3.74436347459635e-23
3.62102307144213e-23
3.50198391220318e-23
3.38708794626756e-23
3.27618321839724e-23
3.16912362285255e-23
3.06576866785891e-23
2.96598324996372e-23
2.86963743785139e-23
2.77660626520423e-23
2.68676953221532e-23
2.60001161537782e-23
2.51622128519127e-23
2.43529153144256e-23
2.35711939573389e-23
2.28160581094499e-23
2.20865544733104e-23
2.13817656497088e-23
2.07008087229281e-23
2.00428339041756e-23
1.94070232306962e-23
1.87925893181899e-23
1.81987741642611e-23
1.76248480007271e-23
1.70701081927104e-23
1.6533878182529e-23
1.60155064764878e-23
1.55143656727585e-23
1.50298515286111e-23
1.45613820653417e-23
1.41083967093089e-23
1.36703554675633e-23
1.32467381366199e-23
1.28370435429854e-23
1.24407888141147e-23
1.20575086785267e-23
1.16877101802882e-23
1.13309307838385e-23
1.09866577595076e-23
1.06544005125538e-23
1.03336895502868e-23
1.00240755007615e-23
9.72512818030673e-24
9.43643570730914e-24
9.15760365981563e-24
8.88825427465218e-24
8.62802568588665e-24
8.37657120058062e-24
8.13355860989101e-24
7.89866953368717e-24
7.67159879695008e-24
7.4520538363156e-24
7.23975413521179e-24
7.03443068612534e-24
6.83582547861159e-24
6.64369101173641e-24
6.45778982970997e-24
6.27789407953832e-24
6.10378508958161e-24
5.93525296796752e-24
5.77209621986345e-24
5.61412138266504e-24
5.46114267820765e-24
5.31298168115468e-24
5.16946700276129e-24
5.03043398925407e-24
4.89572443410673e-24
4.76518630352956e-24
4.63867347452588e-24
4.51604548490215e-24
4.39716729465001e-24
4.28190905814891e-24
4.17014590666567e-24
4.06175774065473e-24
3.95662903138787e-24
3.8546486314663e-24
3.75570959379062e-24
3.65970899858573e-24
3.56654778809818e-24
3.47613060860271e-24
3.38836565937253e-24
3.30316454828595e-24
3.22044215375775e-24
3.14011649269921e-24
3.06210859422584e-24
2.98634237884523e-24
2.91274454287093e-24
2.84124444782084e-24
2.77177401457018e-24
2.70426762204056e-24
2.63866201021742e-24
2.57489618729772e-24
2.51291134078018e-24
2.45265075231853e-24
2.39405971616779e-24
2.33708546106103e-24
2.28167707536224e-24
2.22778543534838e-24
2.17536313648044e-24
2.12436442753008e-24
2.07474514743496e-24
2.02646266476158e-24
1.97947581966028e-24
1.93374486820264e-24
1.88923142899629e-24
1.84589843197745e-24
1.80371006928592e-24
1.76263174813173e-24
1.72263004556695e-24
1.68367266507998e-24
1.64572839493372e-24
1.60876706817231e-24
1.57275952422492e-24
1.53767757203804e-24
1.50349395467102e-24
1.47018231529265e-24
1.43771716451907e-24
1.40607384903645e-24
1.37522852145394e-24
1.34515811133534e-24
1.31584029735981e-24
1.28725348056448e-24
1.25937675862377e-24
1.23218990112221e-24
1.20567332577963e-24
1.17980807558923e-24
1.15457579683088e-24
1.12995871792368e-24
1.10593962908327e-24
1.08250186275103e-24
1.05962927476364e-24
1.03730622623292e-24
1.01551756610705e-24
9.94248614385757e-25
9.73485145962932e-25
9.53213375071555e-25
9.33419940306718e-25
9.14091890203614e-25
8.95216669348415e-25
8.76782105000791e-25
8.587763942078e-25
8.4118809138972e-25
8.2400609637921e-25
8.07219642895967e-25
7.90818287439812e-25
7.7479189858583e-25
7.59130646665892e-25
7.43824993821536e-25
7.28865684413803e-25
7.14243735776232e-25
6.9995042929776e-25
6.8597730182286e-25
6.72316137356754e-25
6.58958959064019e-25
6.45898021549408e-25
6.33125803410141e-25
6.20635000049387e-25
6.08418516741061e-25
5.96469461936418e-25
5.84781140803401e-25
5.73347048989992e-25
5.62160866603159e-25
5.51216452395414e-25
5.40507838151211e-25
5.30029223265785e-25
5.19774969509312e-25
5.09739595969566e-25
4.99917774166479e-25
4.90304323332321e-25
4.80894205851413e-25
4.71682522853579e-25
4.62664509955723e-25
4.53835533146159e-25
4.45191084806523e-25
4.36726779866306e-25
4.28438352085234e-25
4.20321650458889e-25
4.12372635743187e-25
4.04587377093431e-25
3.96962048813892e-25
3.89492927213969e-25
3.82176387567164e-25
3.7500890116923e-25
3.67987032492007e-25
3.61107436429582e-25
3.54366855633521e-25
3.47762117934079e-25
3.41290133844387e-25
3.34947894144723e-25
3.28732467544083e-25
3.22640998416404e-25
3.16670704608836e-25
3.10818875319601e-25
3.05082869043041e-25
2.99460111579562e-25
2.93948094108258e-25
2.88544371320071e-25
2.83246559609449e-25
2.78052335322503e-25
2.72959433059761e-25
2.67965644031684e-25
2.63068814465162e-25
2.58266844059285e-25
2.53557684488748e-25
2.48939337953282e-25
2.44409855771599e-25
2.39967337018375e-25
2.35609927202822e-25
2.31335816987503e-25
2.27143240946055e-25
2.23030476358534e-25
2.18995842043162e-25
2.15037697223281e-25
2.11154440428358e-25
2.07344508427956e-25
2.03606375197569e-25
1.99938550915321e-25
1.96339580988516e-25
1.92808045109081e-25
1.8934255633697e-25
1.85941760210647e-25
1.82604333883764e-25
1.79328985287213e-25
1.76114452315735e-25
1.72959502038315e-25
1.69862929931602e-25
1.66823559135641e-25
1.63840239731188e-25
1.60911848037962e-25
1.58037285933151e-25
1.55215480189552e-25
1.52445381832733e-25
1.49725965516614e-25
1.47056228916905e-25
1.44435192141849e-25
1.41861897159722e-25
1.39335407242589e-25
1.36854806425807e-25
1.34419198982786e-25
1.32027708914561e-25
1.29679479453694e-25
1.27373672582099e-25
1.25109468562338e-25
1.22886065482004e-25
1.20702678810771e-25
1.18558540969756e-25
1.1645290091279e-25
1.14385023719269e-25
1.12354190198218e-25
1.10359696503239e-25
1.08400853758019e-25
1.06476987692079e-25
1.04587438286466e-25
1.02731559429084e-25
1.00908718579386e-25
9.91182964421484e-26
9.73596866500503e-26
9.56322954548203e-26
9.39355414266762e-26
9.22688551618261e-26
9.06316789977964e-26
8.90234667363529e-26
8.74436833737949e-26
8.58918048384125e-26
8.43673177348943e-26
8.28697190954865e-26
8.13985161377083e-26
7.99532260284349e-26
7.85333756541644e-26
7.71385013972913e-26
7.5768148918216e-26
7.44218729431203e-26
7.30992370572505e-26
7.17998135035507e-26
7.05231829864918e-26
6.92719109431023e-26
6.80485062473898e-26
6.68522338149195e-26
6.56827691690152e-26
6.45422310679863e-26
6.34298074051933e-26
6.23447116757234e-26
6.12861820997453e-26
6.02534807781097e-26
5.92458928789381e-26
5.8262725853991e-26
5.73033086836566e-26
5.63669911494523e-26
5.54531431329711e-26
5.45611539402539e-26
5.36904316506046e-26
5.28404024889109e-26
5.20105102205672e-26
5.12002155681357e-26
5.04089956489138e-26
4.96363434326106e-26
4.88817672183711e-26
4.81447901304081e-26
4.74249496315437e-26
4.67217970539791e-26
4.60348971466454e-26
4.53638276385112e-26
4.47081788172485e-26
4.40675531226815e-26
4.34415647544662e-26
4.28298392934715e-26
4.22320133363495e-26
4.16477341428081e-26
4.10766592951145e-26
4.0518456369379e-26
3.99728026181819e-26
3.94393846641306e-26
3.8917898203942e-26
3.84080477226668e-26
3.7909546217686e-26
3.74221149321205e-26
3.69454830973154e-26
3.64793876840665e-26
3.60235731622741e-26
3.55777912687192e-26
3.51418007826708e-26
3.47153673090399e-26
3.42982630688126e-26
3.38902666964998e-26
3.3491163044354e-26
3.31007429931111e-26
3.27188032690262e-26
3.234514626698e-26
3.19795798794408e-26
3.16219173310748e-26
