0.7853981633974483
-0.47599888690754444
0.9272952180016122
-0.47599888690754444
1.0636978224025597
-0.47599888690754444
1.1902899496825317
-0.47599888690754444
1.3045442776439713
-0.47599888690754444
1.4056476493802696
-0.47599888690754444
1.4940244355251187
-0.47599888690754444
1.5707963267948966
-0.47599888690754444
1.6475682180646745
-0.47599888690754444
1.7359450042095235
-0.47599888690754444
1.8370483759458218
-0.47599888690754444
1.9513027039072615
-0.47599888690754444
2.0778948311872334
-0.47599888690754444
2.214297435588181
-0.47599888690754444
2.356194490192345
-0.47599888690754444
2.498091544796509
-0.47599888690754444
2.6344941491974563
-0.47599888690754444
2.761086276477428
-0.47599888690754444
2.875340604438868
-0.47599888690754444
2.976443976175166
-0.47599888690754444
3.064820762320015
-0.47599888690754444
3.141592653589793
-0.47599888690754444
3.218364544859571
-0.47599888690754444
3.30674133100442
-0.47599888690754444
3.4078447027407184
-0.47599888690754444
3.522099030702158
-0.47599888690754444
3.64869115798213
-0.47599888690754444
3.7850937623830774
-0.47599888690754444
3.9269908169872414
-0.47599888690754444
4.068887871591405
-0.47599888690754444
4.205290475992353
-0.47599888690754444
4.331882603272325
-0.47599888690754444
4.446136931233765
-0.47599888690754444
4.547240302970063
-0.47599888690754444
4.635617089114912
-0.47599888690754444
4.71238898038469
-0.47599888690754444
4.789160871654468
-0.47599888690754444
4.877537657799317
-0.47599888690754444
4.978641029535615
-0.47599888690754444
5.092895357497055
-0.47599888690754444
5.2194874847770265
-0.47599888690754444
5.355890089177974
-0.47599888690754444
5.497787143782138
-0.47599888690754444
5.639684198386302
-0.47599888690754444
5.776086802787249
-0.47599888690754444
5.902678930067221
-0.47599888690754444
6.0169332580286605
-0.47599888690754444
6.118036629764959
-0.47599888690754444
6.206413415909808
-0.47599888690754444
6.283185307179586
-0.47599888690754444
6.359957198449364
-0.47599888690754444
6.448333984594213
-0.47599888690754444
6.549437356330512
-0.47599888690754444
6.663691684291951
-0.47599888690754444
6.790283811571923
-0.47599888690754444
6.9266864159728705
-0.47599888690754444
0.7853981633974483
-0.4164990260441014
0.9272952180016122
-0.4164990260441014
1.0636978224025597
-0.4164990260441014
1.1902899496825317
-0.4164990260441014
1.3045442776439713
-0.4164990260441014
1.4056476493802696
-0.4164990260441014
1.4940244355251187
-0.4164990260441014
1.5707963267948966
-0.4164990260441014
1.6475682180646745
-0.4164990260441014
1.7359450042095235
-0.4164990260441014
1.8370483759458218
-0.4164990260441014
1.9513027039072615
-0.4164990260441014
2.0778948311872334
-0.4164990260441014
2.214297435588181
-0.4164990260441014
2.356194490192345
-0.4164990260441014
2.498091544796509
-0.4164990260441014
2.6344941491974563
-0.4164990260441014
2.761086276477428
-0.4164990260441014
2.875340604438868
-0.4164990260441014
2.976443976175166
-0.4164990260441014
3.064820762320015
-0.4164990260441014
3.141592653589793
-0.4164990260441014
3.218364544859571
-0.4164990260441014
3.30674133100442
-0.4164990260441014
3.4078447027407184
-0.4164990260441014
3.522099030702158
-0.4164990260441014
3.64869115798213
-0.4164990260441014
3.7850937623830774
-0.4164990260441014
3.9269908169872414
-0.4164990260441014
4.068887871591405
-0.4164990260441014
4.205290475992353
-0.4164990260441014
4.331882603272325
-0.4164990260441014
4.446136931233765
-0.4164990260441014
4.547240302970063
-0.4164990260441014
4.635617089114912
-0.4164990260441014
4.71238898038469
-0.4164990260441014
4.789160871654468
-0.4164990260441014
4.877537657799317
-0.4164990260441014
4.978641029535615
-0.4164990260441014
5.092895357497055
-0.4164990260441014
5.2194874847770265
-0.4164990260441014
5.355890089177974
-0.4164990260441014
5.497787143782138
-0.4164990260441014
5.639684198386302
-0.4164990260441014
5.776086802787249
-0.4164990260441014
5.902678930067221
-0.4164990260441014
6.0169332580286605
-0.4164990260441014
6.118036629764959
-0.4164990260441014
6.206413415909808
-0.4164990260441014
6.283185307179586
-0.4164990260441014
6.359957198449364
-0.4164990260441014
6.448333984594213
-0.4164990260441014
6.549437356330512
-0.4164990260441014
6.663691684291951
-0.4164990260441014
6.790283811571923
-0.4164990260441014
6.9266864159728705
-0.4164990260441014
0.7853981633974483
-0.35699916518065833
0.9272952180016122
-0.35699916518065833
1.0636978224025597
-0.35699916518065833
1.1902899496825317
-0.35699916518065833
1.3045442776439713
-0.35699916518065833
1.4056476493802696
-0.35699916518065833
1.4940244355251187
-0.35699916518065833
1.5707963267948966
-0.35699916518065833
1.6475682180646745
-0.35699916518065833
1.7359450042095235
-0.35699916518065833
1.8370483759458218
-0.35699916518065833
1.9513027039072615
-0.35699916518065833
2.0778948311872334
-0.35699916518065833
2.214297435588181
-0.35699916518065833
2.356194490192345
-0.35699916518065833
2.498091544796509
-0.35699916518065833
2.6344941491974563
-0.35699916518065833
2.761086276477428
-0.35699916518065833
2.875340604438868
-0.35699916518065833
2.976443976175166
-0.35699916518065833
3.064820762320015
-0.35699916518065833
3.141592653589793
-0.35699916518065833
3.218364544859571
-0.35699916518065833
3.30674133100442
-0.35699916518065833
3.4078447027407184
-0.35699916518065833
3.522099030702158
-0.35699916518065833
3.64869115798213
-0.35699916518065833
3.7850937623830774
-0.35699916518065833
3.9269908169872414
-0.35699916518065833
4.068887871591405
-0.35699916518065833
4.205290475992353
-0.35699916518065833
4.331882603272325
-0.35699916518065833
4.446136931233765
-0.35699916518065833
4.547240302970063
-0.35699916518065833
4.635617089114912
-0.35699916518065833
4.71238898038469
-0.35699916518065833
4.789160871654468
-0.35699916518065833
4.877537657799317
-0.35699916518065833
4.978641029535615
-0.35699916518065833
5.092895357497055
-0.35699916518065833
5.2194874847770265
-0.35699916518065833
5.355890089177974
-0.35699916518065833
5.497787143782138
-0.35699916518065833
5.639684198386302
-0.35699916518065833
5.776086802787249
-0.35699916518065833
5.902678930067221
-0.35699916518065833
6.0169332580286605
-0.35699916518065833
6.118036629764959
-0.35699916518065833
6.206413415909808
-0.35699916518065833
6.283185307179586
-0.35699916518065833
6.359957198449364
-0.35699916518065833
6.448333984594213
-0.35699916518065833
6.549437356330512
-0.35699916518065833
6.663691684291951
-0.35699916518065833
6.790283811571923
-0.35699916518065833
6.9266864159728705
-0.35699916518065833
0.7853981633974483
-0.2974993043172153
0.9272952180016122
-0.2974993043172153
1.0636978224025597
-0.2974993043172153
1.1902899496825317
-0.2974993043172153
1.3045442776439713
-0.2974993043172153
1.4056476493802696
-0.2974993043172153
1.4940244355251187
-0.2974993043172153
1.5707963267948966
-0.2974993043172153
1.6475682180646745
-0.2974993043172153
1.7359450042095235
-0.2974993043172153
1.8370483759458218
-0.2974993043172153
1.9513027039072615
-0.2974993043172153
2.0778948311872334
-0.2974993043172153
2.214297435588181
-0.2974993043172153
2.356194490192345
-0.2974993043172153
2.498091544796509
-0.2974993043172153
2.6344941491974563
-0.2974993043172153
2.761086276477428
-0.2974993043172153
2.875340604438868
-0.2974993043172153
2.976443976175166
-0.2974993043172153
3.064820762320015
-0.2974993043172153
3.141592653589793
-0.2974993043172153
3.218364544859571
-0.2974993043172153
3.30674133100442
-0.2974993043172153
3.4078447027407184
-0.2974993043172153
3.522099030702158
-0.2974993043172153
3.64869115798213
-0.2974993043172153
3.7850937623830774
-0.2974993043172153
3.9269908169872414
-0.2974993043172153
4.068887871591405
-0.2974993043172153
4.205290475992353
-0.2974993043172153
4.331882603272325
-0.2974993043172153
4.446136931233765
-0.2974993043172153
4.547240302970063
-0.2974993043172153
4.635617089114912
-0.2974993043172153
4.71238898038469
-0.2974993043172153
4.789160871654468
-0.2974993043172153
4.877537657799317
-0.2974993043172153
4.978641029535615
-0.2974993043172153
5.092895357497055
-0.2974993043172153
5.2194874847770265
-0.2974993043172153
5.355890089177974
-0.2974993043172153
5.497787143782138
-0.2974993043172153
5.639684198386302
-0.2974993043172153
5.776086802787249
-0.2974993043172153
5.902678930067221
-0.2974993043172153
6.0169332580286605
-0.2974993043172153
6.118036629764959
-0.2974993043172153
6.206413415909808
-0.2974993043172153
6.283185307179586
-0.2974993043172153
6.359957198449364
-0.2974993043172153
6.448333984594213
-0.2974993043172153
6.549437356330512
-0.2974993043172153
6.663691684291951
-0.2974993043172153
6.790283811571923
-0.2974993043172153
6.9266864159728705
-0.2974993043172153
0.7853981633974483
-0.23799944345377222
0.9272952180016122
-0.23799944345377222
1.0636978224025597
-0.23799944345377222
1.1902899496825317
-0.23799944345377222
1.3045442776439713
-0.23799944345377222
1.4056476493802696
-0.23799944345377222
1.4940244355251187
-0.23799944345377222
1.5707963267948966
-0.23799944345377222
1.6475682180646745
-0.23799944345377222
1.7359450042095235
-0.23799944345377222
1.8370483759458218
-0.23799944345377222
1.9513027039072615
-0.23799944345377222
2.0778948311872334
-0.23799944345377222
2.214297435588181
-0.23799944345377222
2.356194490192345
-0.23799944345377222
2.498091544796509
-0.23799944345377222
2.6344941491974563
-0.23799944345377222
2.761086276477428
-0.23799944345377222
2.875340604438868
-0.23799944345377222
2.976443976175166
-0.23799944345377222
3.064820762320015
-0.23799944345377222
3.141592653589793
-0.23799944345377222
3.218364544859571
-0.23799944345377222
3.30674133100442
-0.23799944345377222
3.4078447027407184
-0.23799944345377222
3.522099030702158
-0.23799944345377222
3.64869115798213
-0.23799944345377222
3.7850937623830774
-0.23799944345377222
3.9269908169872414
-0.23799944345377222
4.068887871591405
-0.23799944345377222
4.205290475992353
-0.23799944345377222
4.331882603272325
-0.23799944345377222
4.446136931233765
-0.23799944345377222
4.547240302970063
-0.23799944345377222
4.635617089114912
-0.23799944345377222
4.71238898038469
-0.23799944345377222
4.789160871654468
-0.23799944345377222
4.877537657799317
-0.23799944345377222
4.978641029535615
-0.23799944345377222
5.092895357497055
-0.23799944345377222
5.2194874847770265
-0.23799944345377222
5.355890089177974
-0.23799944345377222
5.497787143782138
-0.23799944345377222
5.639684198386302
-0.23799944345377222
5.776086802787249
-0.23799944345377222
5.902678930067221
-0.23799944345377222
6.0169332580286605
-0.23799944345377222
6.118036629764959
-0.23799944345377222
6.206413415909808
-0.23799944345377222
6.283185307179586
-0.23799944345377222
6.359957198449364
-0.23799944345377222
6.448333984594213
-0.23799944345377222
6.549437356330512
-0.23799944345377222
6.663691684291951
-0.23799944345377222
6.790283811571923
-0.23799944345377222
6.9266864159728705
-0.23799944345377222
0.7853981633974483
-0.17849958259032916
0.9272952180016122
-0.17849958259032916
1.0636978224025597
-0.17849958259032916
1.1902899496825317
-0.17849958259032916
1.3045442776439713
-0.17849958259032916
1.4056476493802696
-0.17849958259032916
1.4940244355251187
-0.17849958259032916
1.5707963267948966
-0.17849958259032916
1.6475682180646745
-0.17849958259032916
1.7359450042095235
-0.17849958259032916
1.8370483759458218
-0.17849958259032916
1.9513027039072615
-0.17849958259032916
2.0778948311872334
-0.17849958259032916
2.214297435588181
-0.17849958259032916
2.356194490192345
-0.17849958259032916
2.498091544796509
-0.17849958259032916
2.6344941491974563
-0.17849958259032916
2.761086276477428
-0.17849958259032916
2.875340604438868
-0.17849958259032916
2.976443976175166
-0.17849958259032916
3.064820762320015
-0.17849958259032916
3.141592653589793
-0.17849958259032916
3.218364544859571
-0.17849958259032916
3.30674133100442
-0.17849958259032916
3.4078447027407184
-0.17849958259032916
3.522099030702158
-0.17849958259032916
3.64869115798213
-0.17849958259032916
3.7850937623830774
-0.17849958259032916
3.9269908169872414
-0.17849958259032916
4.068887871591405
-0.17849958259032916
4.205290475992353
-0.17849958259032916
4.331882603272325
-0.17849958259032916
4.446136931233765
-0.17849958259032916
4.547240302970063
-0.17849958259032916
4.635617089114912
-0.17849958259032916
4.71238898038469
-0.17849958259032916
4.789160871654468
-0.17849958259032916
4.877537657799317
-0.17849958259032916
4.978641029535615
-0.17849958259032916
5.092895357497055
-0.17849958259032916
5.2194874847770265
-0.17849958259032916
5.355890089177974
-0.17849958259032916
5.497787143782138
-0.17849958259032916
5.639684198386302
-0.17849958259032916
5.776086802787249
-0.17849958259032916
5.902678930067221
-0.17849958259032916
6.0169332580286605
-0.17849958259032916
6.118036629764959
-0.17849958259032916
6.206413415909808
-0.17849958259032916
6.283185307179586
-0.17849958259032916
6.359957198449364
-0.17849958259032916
6.448333984594213
-0.17849958259032916
6.549437356330512
-0.17849958259032916
6.663691684291951
-0.17849958259032916
6.790283811571923
-0.17849958259032916
6.9266864159728705
-0.17849958259032916
0.7853981633974483
-0.11899972172688611
0.9272952180016122
-0.11899972172688611
1.0636978224025597
-0.11899972172688611
1.1902899496825317
-0.11899972172688611
1.3045442776439713
-0.11899972172688611
1.4056476493802696
-0.11899972172688611
1.4940244355251187
-0.11899972172688611
1.5707963267948966
-0.11899972172688611
1.6475682180646745
-0.11899972172688611
1.7359450042095235
-0.11899972172688611
1.8370483759458218
-0.11899972172688611
1.9513027039072615
-0.11899972172688611
2.0778948311872334
-0.11899972172688611
2.214297435588181
-0.11899972172688611
2.356194490192345
-0.11899972172688611
2.498091544796509
-0.11899972172688611
2.6344941491974563
-0.11899972172688611
2.761086276477428
-0.11899972172688611
2.875340604438868
-0.11899972172688611
2.976443976175166
-0.11899972172688611
3.064820762320015
-0.11899972172688611
3.141592653589793
-0.11899972172688611
3.218364544859571
-0.11899972172688611
3.30674133100442
-0.11899972172688611
3.4078447027407184
-0.11899972172688611
3.522099030702158
-0.11899972172688611
3.64869115798213
-0.11899972172688611
3.7850937623830774
-0.11899972172688611
3.9269908169872414
-0.11899972172688611
4.068887871591405
-0.11899972172688611
4.205290475992353
-0.11899972172688611
4.331882603272325
-0.11899972172688611
4.446136931233765
-0.11899972172688611
4.547240302970063
-0.11899972172688611
4.635617089114912
-0.11899972172688611
4.71238898038469
-0.11899972172688611
4.789160871654468
-0.11899972172688611
4.877537657799317
-0.11899972172688611
4.978641029535615
-0.11899972172688611
5.092895357497055
-0.11899972172688611
5.2194874847770265
-0.11899972172688611
5.355890089177974
-0.11899972172688611
5.497787143782138
-0.11899972172688611
5.639684198386302
-0.11899972172688611
5.776086802787249
-0.11899972172688611
5.902678930067221
-0.11899972172688611
6.0169332580286605
-0.11899972172688611
6.118036629764959
-0.11899972172688611
6.206413415909808
-0.11899972172688611
6.283185307179586
-0.11899972172688611
6.359957198449364
-0.11899972172688611
6.448333984594213
-0.11899972172688611
6.549437356330512
-0.11899972172688611
6.663691684291951
-0.11899972172688611
6.790283811571923
-0.11899972172688611
6.9266864159728705
-0.11899972172688611
0.7853981633974483
-0.059499860863443055
0.9272952180016122
-0.059499860863443055
1.0636978224025597
-0.059499860863443055
1.1902899496825317
-0.059499860863443055
1.3045442776439713
-0.059499860863443055
1.4056476493802696
-0.059499860863443055
1.4940244355251187
-0.059499860863443055
1.5707963267948966
-0.059499860863443055
1.6475682180646745
-0.059499860863443055
1.7359450042095235
-0.059499860863443055
1.8370483759458218
-0.059499860863443055
1.9513027039072615
-0.059499860863443055
2.0778948311872334
-0.059499860863443055
2.214297435588181
-0.059499860863443055
2.356194490192345
-0.059499860863443055
2.498091544796509
-0.059499860863443055
2.6344941491974563
-0.059499860863443055
2.761086276477428
-0.059499860863443055
2.875340604438868
-0.059499860863443055
2.976443976175166
-0.059499860863443055
3.064820762320015
-0.059499860863443055
3.141592653589793
-0.059499860863443055
3.218364544859571
-0.059499860863443055
3.30674133100442
-0.059499860863443055
3.4078447027407184
-0.059499860863443055
3.522099030702158
-0.059499860863443055
3.64869115798213
-0.059499860863443055
3.7850937623830774
-0.059499860863443055
3.9269908169872414
-0.059499860863443055
4.068887871591405
-0.059499860863443055
4.205290475992353
-0.059499860863443055
4.331882603272325
-0.059499860863443055
4.446136931233765
-0.059499860863443055
4.547240302970063
-0.059499860863443055
4.635617089114912
-0.059499860863443055
4.71238898038469
-0.059499860863443055
4.789160871654468
-0.059499860863443055
4.877537657799317
-0.059499860863443055
4.978641029535615
-0.059499860863443055
5.092895357497055
-0.059499860863443055
5.2194874847770265
-0.059499860863443055
5.355890089177974
-0.059499860863443055
5.497787143782138
-0.059499860863443055
5.639684198386302
-0.059499860863443055
5.776086802787249
-0.059499860863443055
5.902678930067221
-0.059499860863443055
6.0169332580286605
-0.059499860863443055
6.118036629764959
-0.059499860863443055
6.206413415909808
-0.059499860863443055
6.283185307179586
-0.059499860863443055
6.359957198449364
-0.059499860863443055
6.448333984594213
-0.059499860863443055
6.549437356330512
-0.059499860863443055
6.663691684291951
-0.059499860863443055
6.790283811571923
-0.059499860863443055
6.9266864159728705
-0.059499860863443055
0.7853981633974483
0.
0.9272952180016122
0.
1.0636978224025597
0.
1.1902899496825317
0.
1.3045442776439713
0.
1.4056476493802696
0.
1.4940244355251187
0.
1.5707963267948966
0.
1.6475682180646745
0.
1.7359450042095235
0.
1.8370483759458218
0.
1.9513027039072615
0.
2.0778948311872334
0.
2.214297435588181
0.
2.356194490192345
0.
2.498091544796509
0.
2.6344941491974563
0.
2.761086276477428
0.
2.875340604438868
0.
2.976443976175166
0.
3.064820762320015
0.
3.141592653589793
0.
3.218364544859571
0.
3.30674133100442
0.
3.4078447027407184
0.
3.522099030702158
0.
3.64869115798213
0.
3.7850937623830774
0.
3.9269908169872414
0.
4.068887871591405
0.
4.205290475992353
0.
4.331882603272325
0.
4.446136931233765
0.
4.547240302970063
0.
4.635617089114912
0.
4.71238898038469
0.
4.789160871654468
0.
4.877537657799317
0.
4.978641029535615
0.
5.092895357497055
0.
5.2194874847770265
0.
5.355890089177974
0.
5.497787143782138
0.
5.639684198386302
0.
5.776086802787249
0.
5.902678930067221
0.
6.0169332580286605
0.
6.118036629764959
0.
6.206413415909808
0.
6.283185307179586
0.
6.359957198449364
0.
6.448333984594213
0.
6.549437356330512
0.
6.663691684291951
0.
6.790283811571923
0.
6.9266864159728705
0.
0.7853981633974483
0.059499860863443055
0.9272952180016122
0.059499860863443055
1.0636978224025597
0.059499860863443055
1.1902899496825317
0.059499860863443055
1.3045442776439713
0.059499860863443055
1.4056476493802696
0.059499860863443055
1.4940244355251187
0.059499860863443055
1.5707963267948966
0.059499860863443055
1.6475682180646745
0.059499860863443055
1.7359450042095235
0.059499860863443055
1.8370483759458218
0.059499860863443055
1.9513027039072615
0.059499860863443055
2.0778948311872334
0.059499860863443055
2.214297435588181
0.059499860863443055
2.356194490192345
0.059499860863443055
2.498091544796509
0.059499860863443055
2.6344941491974563
0.059499860863443055
2.761086276477428
0.059499860863443055
2.875340604438868
0.059499860863443055
2.976443976175166
0.059499860863443055
3.064820762320015
0.059499860863443055
3.141592653589793
0.059499860863443055
3.218364544859571
0.059499860863443055
3.30674133100442
0.059499860863443055
3.4078447027407184
0.059499860863443055
3.522099030702158
0.059499860863443055
3.64869115798213
0.059499860863443055
3.7850937623830774
0.059499860863443055
3.9269908169872414
0.059499860863443055
4.068887871591405
0.059499860863443055
4.205290475992353
0.059499860863443055
4.331882603272325
0.059499860863443055
4.446136931233765
0.059499860863443055
4.547240302970063
0.059499860863443055
4.635617089114912
0.059499860863443055
4.71238898038469
0.059499860863443055
4.789160871654468
0.059499860863443055
4.877537657799317
0.059499860863443055
4.978641029535615
0.059499860863443055
5.092895357497055
0.059499860863443055
5.2194874847770265
0.059499860863443055
5.355890089177974
0.059499860863443055
5.497787143782138
0.059499860863443055
5.639684198386302
0.059499860863443055
5.776086802787249
0.059499860863443055
5.902678930067221
0.059499860863443055
6.0169332580286605
0.059499860863443055
6.118036629764959
0.059499860863443055
6.206413415909808
0.059499860863443055
6.283185307179586
0.059499860863443055
6.359957198449364
0.059499860863443055
6.448333984594213
0.059499860863443055
6.549437356330512
0.059499860863443055
6.663691684291951
0.059499860863443055
6.790283811571923
0.059499860863443055
6.9266864159728705
0.059499860863443055
0.7853981633974483
0.11899972172688611
0.9272952180016122
0.11899972172688611
1.0636978224025597
0.11899972172688611
1.1902899496825317
0.11899972172688611
1.3045442776439713
0.11899972172688611
1.4056476493802696
0.11899972172688611
1.4940244355251187
0.11899972172688611
1.5707963267948966
0.11899972172688611
1.6475682180646745
0.11899972172688611
1.7359450042095235
0.11899972172688611
1.8370483759458218
0.11899972172688611
1.9513027039072615
0.11899972172688611
2.0778948311872334
0.11899972172688611
2.214297435588181
0.11899972172688611
2.356194490192345
0.11899972172688611
2.498091544796509
0.11899972172688611
2.6344941491974563
0.11899972172688611
2.761086276477428
0.11899972172688611
2.875340604438868
0.11899972172688611
2.976443976175166
0.11899972172688611
3.064820762320015
0.11899972172688611
3.141592653589793
0.11899972172688611
3.218364544859571
0.11899972172688611
3.30674133100442
0.11899972172688611
3.4078447027407184
0.11899972172688611
3.522099030702158
0.11899972172688611
3.64869115798213
0.11899972172688611
3.7850937623830774
0.11899972172688611
3.9269908169872414
0.11899972172688611
4.068887871591405
0.11899972172688611
4.205290475992353
0.11899972172688611
4.331882603272325
0.11899972172688611
4.446136931233765
0.11899972172688611
4.547240302970063
0.11899972172688611
4.635617089114912
0.11899972172688611
4.71238898038469
0.11899972172688611
4.789160871654468
0.11899972172688611
4.877537657799317
0.11899972172688611
4.978641029535615
0.11899972172688611
5.092895357497055
0.11899972172688611
5.2194874847770265
0.11899972172688611
5.355890089177974
0.11899972172688611
5.497787143782138
0.11899972172688611
5.639684198386302
0.11899972172688611
5.776086802787249
0.11899972172688611
5.902678930067221
0.11899972172688611
6.0169332580286605
0.11899972172688611
6.118036629764959
0.11899972172688611
6.206413415909808
0.11899972172688611
6.283185307179586
0.11899972172688611
6.359957198449364
0.11899972172688611
6.448333984594213
0.11899972172688611
6.549437356330512
0.11899972172688611
6.663691684291951
0.11899972172688611
6.790283811571923
0.11899972172688611
6.9266864159728705
0.11899972172688611
0.7853981633974483
0.17849958259032916
0.9272952180016122
0.17849958259032916
1.0636978224025597
0.17849958259032916
1.1902899496825317
0.17849958259032916
1.3045442776439713
0.17849958259032916
1.4056476493802696
0.17849958259032916
1.4940244355251187
0.17849958259032916
1.5707963267948966
0.17849958259032916
1.6475682180646745
0.17849958259032916
1.7359450042095235
0.17849958259032916
1.8370483759458218
0.17849958259032916
1.9513027039072615
0.17849958259032916
2.0778948311872334
0.17849958259032916
2.214297435588181
0.17849958259032916
2.356194490192345
0.17849958259032916
2.498091544796509
0.17849958259032916
2.6344941491974563
0.17849958259032916
2.761086276477428
0.17849958259032916
2.875340604438868
0.17849958259032916
2.976443976175166
0.17849958259032916
3.064820762320015
0.17849958259032916
3.141592653589793
0.17849958259032916
3.218364544859571
0.17849958259032916
3.30674133100442
0.17849958259032916
3.4078447027407184
0.17849958259032916
3.522099030702158
0.17849958259032916
3.64869115798213
0.17849958259032916
3.7850937623830774
0.17849958259032916
3.9269908169872414
0.17849958259032916
4.068887871591405
0.17849958259032916
4.205290475992353
0.17849958259032916
4.331882603272325
0.17849958259032916
4.446136931233765
0.17849958259032916
4.547240302970063
0.17849958259032916
4.635617089114912
0.17849958259032916
4.71238898038469
0.17849958259032916
4.789160871654468
0.17849958259032916
4.877537657799317
0.17849958259032916
4.978641029535615
0.17849958259032916
5.092895357497055
0.17849958259032916
5.2194874847770265
0.17849958259032916
5.355890089177974
0.17849958259032916
5.497787143782138
0.17849958259032916
5.639684198386302
0.17849958259032916
5.776086802787249
0.17849958259032916
5.902678930067221
0.17849958259032916
6.0169332580286605
0.17849958259032916
6.118036629764959
0.17849958259032916
6.206413415909808
0.17849958259032916
6.283185307179586
0.17849958259032916
6.359957198449364
0.17849958259032916
6.448333984594213
0.17849958259032916
6.549437356330512
0.17849958259032916
6.663691684291951
0.17849958259032916
6.790283811571923
0.17849958259032916
6.9266864159728705
0.17849958259032916
0.7853981633974483
0.23799944345377222
0.9272952180016122
0.23799944345377222
1.0636978224025597
0.23799944345377222
1.1902899496825317
0.23799944345377222
1.3045442776439713
0.23799944345377222
1.4056476493802696
0.23799944345377222
1.4940244355251187
0.23799944345377222
1.5707963267948966
0.23799944345377222
1.6475682180646745
0.23799944345377222
1.7359450042095235
0.23799944345377222
1.8370483759458218
0.23799944345377222
1.9513027039072615
0.23799944345377222
2.0778948311872334
0.23799944345377222
2.214297435588181
0.23799944345377222
2.356194490192345
0.23799944345377222
2.498091544796509
0.23799944345377222
2.6344941491974563
0.23799944345377222
2.761086276477428
0.23799944345377222
2.875340604438868
0.23799944345377222
2.976443976175166
0.23799944345377222
3.064820762320015
0.23799944345377222
3.141592653589793
0.23799944345377222
3.218364544859571
0.23799944345377222
3.30674133100442
0.23799944345377222
3.4078447027407184
0.23799944345377222
3.522099030702158
0.23799944345377222
3.64869115798213
0.23799944345377222
3.7850937623830774
0.23799944345377222
3.9269908169872414
0.23799944345377222
4.068887871591405
0.23799944345377222
4.205290475992353
0.23799944345377222
4.331882603272325
0.23799944345377222
4.446136931233765
0.23799944345377222
4.547240302970063
0.23799944345377222
4.635617089114912
0.23799944345377222
4.71238898038469
0.23799944345377222
4.789160871654468
0.23799944345377222
4.877537657799317
0.23799944345377222
4.978641029535615
0.23799944345377222
5.092895357497055
0.23799944345377222
5.2194874847770265
0.23799944345377222
5.355890089177974
0.23799944345377222
5.497787143782138
0.23799944345377222
5.639684198386302
0.23799944345377222
5.776086802787249
0.23799944345377222
5.902678930067221
0.23799944345377222
6.0169332580286605
0.23799944345377222
6.118036629764959
0.23799944345377222
6.206413415909808
0.23799944345377222
6.283185307179586
0.23799944345377222
6.359957198449364
0.23799944345377222
6.448333984594213
0.23799944345377222
6.549437356330512
0.23799944345377222
6.663691684291951
0.23799944345377222
6.790283811571923
0.23799944345377222
6.9266864159728705
0.23799944345377222
0.7853981633974483
0.2974993043172153
0.9272952180016122
0.2974993043172153
1.0636978224025597
0.2974993043172153
1.1902899496825317
0.2974993043172153
1.3045442776439713
0.2974993043172153
1.4056476493802696
0.2974993043172153
1.4940244355251187
0.2974993043172153
1.5707963267948966
0.2974993043172153
1.6475682180646745
0.2974993043172153
1.7359450042095235
0.2974993043172153
1.8370483759458218
0.2974993043172153
1.9513027039072615
0.2974993043172153
2.0778948311872334
0.2974993043172153
2.214297435588181
0.2974993043172153
2.356194490192345
0.2974993043172153
2.498091544796509
0.2974993043172153
2.6344941491974563
0.2974993043172153
2.761086276477428
0.2974993043172153
2.875340604438868
0.2974993043172153
2.976443976175166
0.2974993043172153
3.064820762320015
0.2974993043172153
3.141592653589793
0.2974993043172153
3.218364544859571
0.2974993043172153
3.30674133100442
0.2974993043172153
3.4078447027407184
0.2974993043172153
3.522099030702158
0.2974993043172153
3.64869115798213
0.2974993043172153
3.7850937623830774
0.2974993043172153
3.9269908169872414
0.2974993043172153
4.068887871591405
0.2974993043172153
4.205290475992353
0.2974993043172153
4.331882603272325
0.2974993043172153
4.446136931233765
0.2974993043172153
4.547240302970063
0.2974993043172153
4.635617089114912
0.2974993043172153
4.71238898038469
0.2974993043172153
4.789160871654468
0.2974993043172153
4.877537657799317
0.2974993043172153
4.978641029535615
0.2974993043172153
5.092895357497055
0.2974993043172153
5.2194874847770265
0.2974993043172153
5.355890089177974
0.2974993043172153
5.497787143782138
0.2974993043172153
5.639684198386302
0.2974993043172153
5.776086802787249
0.2974993043172153
5.902678930067221
0.2974993043172153
6.0169332580286605
0.2974993043172153
6.118036629764959
0.2974993043172153
6.206413415909808
0.2974993043172153
6.283185307179586
0.2974993043172153
6.359957198449364
0.2974993043172153
6.448333984594213
0.2974993043172153
6.549437356330512
0.2974993043172153
6.663691684291951
0.2974993043172153
6.790283811571923
0.2974993043172153
6.9266864159728705
0.2974993043172153
0.7853981633974483
0.35699916518065833
0.9272952180016122
0.35699916518065833
1.0636978224025597
0.35699916518065833
1.1902899496825317
0.35699916518065833
1.3045442776439713
0.35699916518065833
1.4056476493802696
0.35699916518065833
1.4940244355251187
0.35699916518065833
1.5707963267948966
0.35699916518065833
1.6475682180646745
0.35699916518065833
1.7359450042095235
0.35699916518065833
1.8370483759458218
0.35699916518065833
1.9513027039072615
0.35699916518065833
2.0778948311872334
0.35699916518065833
2.214297435588181
0.35699916518065833
2.356194490192345
0.35699916518065833
2.498091544796509
0.35699916518065833
2.6344941491974563
0.35699916518065833
2.761086276477428
0.35699916518065833
2.875340604438868
0.35699916518065833
2.976443976175166
0.35699916518065833
3.064820762320015
0.35699916518065833
3.141592653589793
0.35699916518065833
3.218364544859571
0.35699916518065833
3.30674133100442
0.35699916518065833
3.4078447027407184
0.35699916518065833
3.522099030702158
0.35699916518065833
3.64869115798213
0.35699916518065833
3.7850937623830774
0.35699916518065833
3.9269908169872414
0.35699916518065833
4.068887871591405
0.35699916518065833
4.205290475992353
0.35699916518065833
4.331882603272325
0.35699916518065833
4.446136931233765
0.35699916518065833
4.547240302970063
0.35699916518065833
4.635617089114912
0.35699916518065833
4.71238898038469
0.35699916518065833
4.789160871654468
0.35699916518065833
4.877537657799317
0.35699916518065833
4.978641029535615
0.35699916518065833
5.092895357497055
0.35699916518065833
5.2194874847770265
0.35699916518065833
5.355890089177974
0.35699916518065833
5.497787143782138
0.35699916518065833
5.639684198386302
0.35699916518065833
5.776086802787249
0.35699916518065833
5.902678930067221
0.35699916518065833
6.0169332580286605
0.35699916518065833
6.118036629764959
0.35699916518065833
6.206413415909808
0.35699916518065833
6.283185307179586
0.35699916518065833
6.359957198449364
0.35699916518065833
6.448333984594213
0.35699916518065833
6.549437356330512
0.35699916518065833
6.663691684291951
0.35699916518065833
6.790283811571923
0.35699916518065833
6.9266864159728705
0.35699916518065833
0.7853981633974483
0.4164990260441014
0.9272952180016122
0.4164990260441014
1.0636978224025597
0.4164990260441014
1.1902899496825317
0.4164990260441014
1.3045442776439713
0.4164990260441014
1.4056476493802696
0.4164990260441014
1.4940244355251187
0.4164990260441014
1.5707963267948966
0.4164990260441014
1.6475682180646745
0.4164990260441014
1.7359450042095235
0.4164990260441014
1.8370483759458218
0.4164990260441014
1.9513027039072615
0.4164990260441014
2.0778948311872334
0.4164990260441014
2.214297435588181
0.4164990260441014
2.356194490192345
0.4164990260441014
2.498091544796509
0.4164990260441014
2.6344941491974563
0.4164990260441014
2.761086276477428
0.4164990260441014
2.875340604438868
0.4164990260441014
2.976443976175166
0.4164990260441014
3.064820762320015
0.4164990260441014
3.141592653589793
0.4164990260441014
3.218364544859571
0.4164990260441014
3.30674133100442
0.4164990260441014
3.4078447027407184
0.4164990260441014
3.522099030702158
0.4164990260441014
3.64869115798213
0.4164990260441014
3.7850937623830774
0.4164990260441014
3.9269908169872414
0.4164990260441014
4.068887871591405
0.4164990260441014
4.205290475992353
0.4164990260441014
4.331882603272325
0.4164990260441014
4.446136931233765
0.4164990260441014
4.547240302970063
0.4164990260441014
4.635617089114912
0.4164990260441014
4.71238898038469
0.4164990260441014
4.789160871654468
0.4164990260441014
4.877537657799317
0.4164990260441014
4.978641029535615
0.4164990260441014
5.092895357497055
0.4164990260441014
5.2194874847770265
0.4164990260441014
5.355890089177974
0.4164990260441014
5.497787143782138
0.4164990260441014
5.639684198386302
0.4164990260441014
5.776086802787249
0.4164990260441014
5.902678930067221
0.4164990260441014
6.0169332580286605
0.4164990260441014
6.118036629764959
0.4164990260441014
6.206413415909808
0.4164990260441014
6.283185307179586
0.4164990260441014
6.359957198449364
0.4164990260441014
6.448333984594213
0.4164990260441014
6.549437356330512
0.4164990260441014
6.663691684291951
0.4164990260441014
6.790283811571923
0.4164990260441014
6.9266864159728705
0.4164990260441014